1.000000000000000000e+00 1.000000000000000000e+01 3.200000000000000000e+01 1.000000000000000082e-05
2.000000000000000000e+00 1.000000000000000000e+01 3.200000000000000000e+01 1.000000000000000021e-03
3.000000000000000000e+00 1.000000000000000000e+01 3.200000000000000000e+01 1.000000000000000056e-01
4.000000000000000000e+00 1.000000000000000000e+01 6.400000000000000000e+01 1.000000000000000082e-05
5.000000000000000000e+00 1.000000000000000000e+01 6.400000000000000000e+01 1.000000000000000021e-03
6.000000000000000000e+00 1.000000000000000000e+01 6.400000000000000000e+01 1.000000000000000056e-01
7.000000000000000000e+00 1.000000000000000000e+01 1.280000000000000000e+02 1.000000000000000082e-05
8.000000000000000000e+00 1.000000000000000000e+01 1.280000000000000000e+02 1.000000000000000021e-03
9.000000000000000000e+00 1.000000000000000000e+01 1.280000000000000000e+02 1.000000000000000056e-01
1.000000000000000000e+01 1.000000000000000000e+01 2.560000000000000000e+02 1.000000000000000082e-05
1.100000000000000000e+01 1.000000000000000000e+01 2.560000000000000000e+02 1.000000000000000021e-03
1.200000000000000000e+01 1.000000000000000000e+01 2.560000000000000000e+02 1.000000000000000056e-01
1.300000000000000000e+01 5.000000000000000000e+01 3.200000000000000000e+01 1.000000000000000082e-05
1.400000000000000000e+01 5.000000000000000000e+01 3.200000000000000000e+01 1.000000000000000021e-03
1.500000000000000000e+01 5.000000000000000000e+01 3.200000000000000000e+01 1.000000000000000056e-01
1.600000000000000000e+01 5.000000000000000000e+01 6.400000000000000000e+01 1.000000000000000082e-05
1.700000000000000000e+01 5.000000000000000000e+01 6.400000000000000000e+01 1.000000000000000021e-03
1.800000000000000000e+01 5.000000000000000000e+01 6.400000000000000000e+01 1.000000000000000056e-01
1.900000000000000000e+01 5.000000000000000000e+01 1.280000000000000000e+02 1.000000000000000082e-05
2.000000000000000000e+01 5.000000000000000000e+01 1.280000000000000000e+02 1.000000000000000021e-03
2.100000000000000000e+01 5.000000000000000000e+01 1.280000000000000000e+02 1.000000000000000056e-01
2.200000000000000000e+01 5.000000000000000000e+01 2.560000000000000000e+02 1.000000000000000082e-05
2.300000000000000000e+01 5.000000000000000000e+01 2.560000000000000000e+02 1.000000000000000021e-03
2.400000000000000000e+01 5.000000000000000000e+01 2.560000000000000000e+02 1.000000000000000056e-01
2.500000000000000000e+01 1.000000000000000000e+02 3.200000000000000000e+01 1.000000000000000082e-05
2.600000000000000000e+01 1.000000000000000000e+02 3.200000000000000000e+01 1.000000000000000021e-03
2.700000000000000000e+01 1.000000000000000000e+02 3.200000000000000000e+01 1.000000000000000056e-01
2.800000000000000000e+01 1.000000000000000000e+02 6.400000000000000000e+01 1.000000000000000082e-05
2.900000000000000000e+01 1.000000000000000000e+02 6.400000000000000000e+01 1.000000000000000021e-03
3.000000000000000000e+01 1.000000000000000000e+02 6.400000000000000000e+01 1.000000000000000056e-01
3.100000000000000000e+01 1.000000000000000000e+02 1.280000000000000000e+02 1.000000000000000082e-05
3.200000000000000000e+01 1.000000000000000000e+02 1.280000000000000000e+02 1.000000000000000021e-03
3.300000000000000000e+01 1.000000000000000000e+02 1.280000000000000000e+02 1.000000000000000056e-01
3.400000000000000000e+01 1.000000000000000000e+02 2.560000000000000000e+02 1.000000000000000082e-05
3.500000000000000000e+01 1.000000000000000000e+02 2.560000000000000000e+02 1.000000000000000021e-03
3.600000000000000000e+01 1.000000000000000000e+02 2.560000000000000000e+02 1.000000000000000056e-01
